x
0.00961674050842924
0.0108054535283121
0.0106759437745726
0.0100779293965616
0.0106781133968475
0.010792979591998
0.0106604491606504
0.0101116581245727
0.0101226813945704
0.0105163892772265
0.0105229841349516
0.00988542372934377
0.00979868976778937
0.00983446306498392
0.00989891512942871
0.0109638892741906
0.0108252112678401
0.0106238684213296
0.00996519492434757
0.0103766702255791
0.0105705828399141
0.0100696063446604
0.0103010570423513
0.00994450475529176
0.0105402213869803
0.0103287498947016
0.0112281798621303
0.0104179149605642
0.00974582052514644
0.0103277025439401
0.00970780144751798
0.00988222541933012
0.0108398508466761
0.00937169471501287
0.01057245554407
0.0106328198213296
0.00971371671170782
0.00945552820118498
0.00999754161666398
0.00962530537666323
0.0104487510466716
0.0103666310951702
0.0106506832542857
0.00952081109305274
0.00955169755536862
0.0100239678508784
0.0096106923774139
0.00994688994474357
0.00946457980376577
0.0105789682983453
0.00974393354594528
0.0100372126851526
0.0104788956904486
0.0105881427402544
0.0112454856713023
0.0102356203101402
0.0100067924800106
0.0108682806173443
0.0101890947645053
0.0102134916236272
0.00989200447242894
0.0108924767449872
0.0116430332051924
0.0106500284774278
0.00991559994738228
0.00911841420325662
0.00983964495944749
0.0103910782934881
0.0106648558111826
0.00914286896923196
0.0101255501208931
0.00968324372691882
0.0107686727719951
0.0102351660661508
0.00951842138767504
0.00988043025283552
0.00995814891827054
0.00957771868886046
0.00918441017407429
0.0100560950354319
0.00947526180622411
0.0100109326527881
0.010635561504915
0.00983674315719478
0.00994502788282255
0.0102477436260914
0.0103148347788489
0.0105654158156776
0.0108194038462688
0.00991184998063745
0.0100100371880351
0.0102511822900615
0.010126590765623
0.0106938620276318
0.00965826440780091
0.0110660138669276
0.00941885986306147
0.00999026898554416
0.0101424068366698
0.00965737750852324
0.0106078662441575
0.0101524953537852
0.0106166275014681
0.00983264110971511
0.00956626167091893
0.0107355265882821
0.0108100791856647
0.0097764947630714
0.0106719261389174
0.00969545023929292
0.0101469870210364
0.01108446605851
0.0107299345967664
0.0100267519363838
0.010662975683093
0.00986981034919312
0.00944628075619987
0.00997607727749616
0.00965278150389154
0.0102285710029433
0.0100025883882299
0.0103579253203075
0.0112920717893964
0.00966509586439873
0.00959710064305038
0.0103317696526857
0.0111145372940379
0.00992598014200047
0.00959512943399401
0.00995023580734866
0.00926618568651318
0.00936213220777116
0.0103862240468104
0.00931265859599528
0.0100769301702799
0.00987543016438462
0.0104301098810106
0.0110989332647397
0.0102957847987212
0.00954845306339959
0.0101158148296208
0.0105927127130925
0.0102786264767452
0.010186588000489
0.010125910913865
0.0103993416447931
0.010326455812489
0.0105875027598606
0.00974348827767993
0.00984587979316655
0.0108420680270394
0.011148186175059
0.00955721379004472
0.00997823138712167
0.00947297426739427
0.0106916723757827
0.0106413055224527
0.0104784998322883
0.0100860396512424
0.00950249026986379
0.0104750578342163
0.0103331595868465
0.00980382823423789
0.00974724359742975
0.0110288030462035
0.0104955447193118
0.00970949059836981
0.00996551653702884
0.0105638617998277
0.0110480941707446
0.00972832045780963
0.00990771954015993
0.0103238092435877
0.0106773022395
0.0100233710187947
0.0111430585354896
0.0104898414076728
0.0104211964002039
0.00925114067764721
0.00963029678995969
0.0105278534862392
0.0102100579288436
0.0106170421077257
0.0111340800325924
0.010203221966687
0.00964879878021023
0.0108252023555316
0.00970304769281325
0.0101916041133765
0.0102900238733678
0.00960524660096766
0.0107368386433892
0.00969717521766992
0.0104792472182527
0.010584412491386
0.0102155261916006
0.010006516588519
0.00970543249174213
0.0100550656519316
0.0106113457621564
0.0103202127290304
0.00977989734088839
0.0107406572782148
0.0102876970180775
0.0109355817882156
0.0104409661020801
0.0109856846652525
0.0106528358906249
0.0102076243600311
0.0100706128142689
0.0115960201275913
0.00967281750743162
0.0107968814362286
0.0100946322352899
0.00986624473668855
0.01082257832526
0.0103835356375029
0.0109085946433142
0.0112928320062578
0.0107079432117901
0.0108093476461074
0.00966606937068294
0.0100428277720623
0.0108859773300704
0.0106963857046331
0.00946822057657834
0.0109005421030527
0.0111905116916753
0.00993349192303063
0.0104496980932049
0.00999314017915956
0.0103547165062652
0.0100472359741699
0.00956487115696377
0.0100496469502374
0.0100057363951384
0.010341155387327
0.00954844003103269
0.0101490739143594
0.0100119545428322
0.0104694487850655
0.0105183903587581
0.0111377330725202
0.00974213303907219
0.00975787095293615
0.00927665537179109
0.0103252548544267
0.0102027361868404
0.0111458123045251
0.00957934447055133
0.0100340523372433
0.0102645532792274
0.0109212755026292
0.0103502317333018
0.0095700479202579
0.00998187780817254
0.0109105709315409
0.00959482169415739
0.0102347412261963
0.0108253665693483
0.0114226252769284
0.0100353330599392
0.0101123746561491
0.0102898623700155
0.00997723518000806
0.0110748862366398
0.00914991133761442
0.010048334366969
0.0103879700236382
0.0107422842461222
0.0105879499613848
0.00971672201921661
0.0102780812622554
0.0103028155205835
0.010415859250423
0.00968172931418766
0.0112131317047325
0.0104193956896002
0.00982515946184826
0.0102991455514418
0.0098836316420543
0.00978434145248468
0.0106598220391087
0.00958786869234728
0.0101400277941238
0.0101884612217551
0.00984776126694198
0.00996644519543244
0.00954834045323769
0.0102595871396216
0.0101849586016763
0.0103464826518939
0.00992386847131177
0.0110467728786204
0.0108477288370634
0.0103343786270638
0.0105468244727996
0.0100375537425547
0.010477881841527
0.00980204691955215
0.0089632893125355
0.0105395110997097
0.0101636986948119
0.00958644274519323
0.00965987476952564
0.0106508708416268
0.00988760654253399
0.0100468734426078
0.0101403698436292
0.0102436666932893
0.0100359190709926
0.0101643501271361
0.00977833737661517
0.0100800215570506
0.010316649534329
0.0100462365528197
0.00958358720790123
0.00991742253861685
0.010088869817973
0.0100157681299617
0.00975673186083098
0.00990268702377908
0.00959843203956146
0.0101340976421571
0.00933796668814801
0.010906151859395
0.0108404517066746
0.010131535107139
0.0107891616710095
0.0100052699669244
0.0101974913395948
0.0100549914942986
0.0102880189004481
0.00999930445190597
0.0101701461393833
0.0100303483988422
0.0110536562623476
0.010614756402917
0.00996139976783723
0.0104200977553602
0.0105659441130831
0.0105188353319457
0.00960905447432235
0.0096817089667481
0.0100830115382457
0.00909125696088309
0.0100130479879318
0.0101009019545801
0.0104276400033626
0.00943055767028128
0.0108833925994738
0.0105372979102112
0.0106711834761418
0.0105191649444685
0.0102650687976433
0.0101755492291639
0.0103002851986499
0.0105850433698496
0.00987828713397029
0.00976072041598913
0.0106727738963812
0.0105623122211971
0.0102462058706761
0.00991065888665581
0.0104783361133502
0.00974687173549534
0.0103520217768049
0.0102162428221666
0.0107849385328314
0.0101223593987364
0.0101813397091663
0.0096106410732511
0.010086842805462
0.010363988616757
0.00971861790392081
0.010036585811347
0.0100970437089809
0.0103206966339653
0.009356985218883
0.011001726363512
0.0103441810089654
0.00984835239688965
0.010427751092464
0.0106811912578064
0.010067091116508
0.00997173075286152
0.00918276197063867
0.00986572876237495
0.00979858208203969
0.00981000479459769
0.0109141024392602
0.00956885515954365
0.0109000630437933
0.00974765154374889
0.0104788418932672
0.0103499794469482
0.00899969168116598
0.0102090130613111
0.0101009913306535
0.0101226621922637
0.0108710088427809
0.0096913536476439
0.0107200788056551
0.00976601143823153
0.0107621160449688
0.0103921529174169
0.0105756042727512
0.0104535075673998
0.010148328428957
0.0106458780622299
0.0101120232528753
0.0101252963098687
0.0104516421331433
0.0107945230847817
0.00985707233091309
0.0111009855610038
0.010049328666198
0.0105713926318717
0.00994865584359786
0.00977123519122185
0.00946151270343363
0.0107264378609062
0.0109925408158769
0.0103108501934202
0.00992630813137857
0.0107014597169221
0.00991536147730293
0.0102014028406034
0.00934643628462338
0.0102254018195453
0.011101159530816
0.0104765960661868
0.0104732303709479
0.0100244514520122
0.0107931317779834
0.0102494163881047
0.0107481162885997
0.0104539818932591
0.0105418448768131
0.0101004553006106
0.0104082880256279
0.0105421699737342
0.0111281938258854
0.00995880177880737
0.00976038830598765
0.010919528132974
0.0100445251882115
0.010290116111145
0.00989888900914645
0.0101208470969183
0.0107997376418795
0.0093975600266236
0.00950929963621233
0.0101924373615849
0.0100160080750381
0.0101757449490497
0.0104330472744677
0.00909206678870244
0.0102386078252198
0.0101312855065514
0.00958978251837429
0.0111989109465429
0.00993652499806974
0.00953886568178903
0.00976921221469945
0.0103692930187782
0.0107896312890775
0.0108242031860646
0.0104886334691167
0.00989872274667744
0.0087836786146463
0.00929210821359941
0.0106068098091551
0.00959238926158077
0.0110326314378391
0.0101673667029296
0.0102407272304159
0.0104990815169735
0.0105099699893156
0.0103704826824183
0.0107581611706235
0.00989728057687084
0.00915394735821998
0.00999989249941298
0.0108443011497996
0.0103604923720299
0.010782515598144
0.00944161452205044
0.00966539915084009
0.0100497262788283
0.00957501395309477
0.00915900991084058
0.0101852292487101
0.0106628672882501
0.00965932703360664
0.0107894957467547
0.0100282872767736
0.0109907781435863
0.00995107038949155
0.0106243517412957
0.0102030363113849
0.0101003650717166
0.0103594029415675
0.00989007631248221
0.00955120661485235
0.0103764523302984
0.00968577842711156
0.0101992316701378
0.0101640442895665
0.0110755856021374
0.00963986718922337
0.0103391628116964
0.00963597956677291
0.00964762500041326
0.0114160308274187
0.00969521337568301
0.010815004589477
0.00966772733361115
0.0109867495828047
0.0100076601090316
0.0104734233261631
0.0104107387865064
0.0110704477375853
0.0108899051190978
0.0101428213188989
0.00982548387247922
0.010540703234217
0.0100502491866376
0.0103651912159234
0.0107214915074516
0.0101823834512768
0.0098402968310688
0.00980974032875656
0.0108469719791205
0.0101269375008251
0.00975690117830951
0.0100356805987298
0.0104810556741063
0.0109327683451106
0.0102920114101709
0.0104463387831438
0.00950036631019009
0.0102341851732059
0.010787692615815
0.00970643735422444
0.00990827990412374
0.0101646328033763
0.00960538328621993
0.00938302308821711
0.0105409492488112
0.0103281927358807
0.00978258007943081
0.00981257025690543
0.00945730351244492
0.010212016267168
0.0100804221959163
0.0105114108180078
0.0105925298166849
0.010321132968899
0.0105701466441238
0.00968047062456728
0.0101492453765535
0.0091198618282815
0.00977573506258848
0.0104348863229694
0.0101378453477939
0.010777617600181
0.00967883715146802
0.0108611661403549
0.009455214545431
0.0101463547161668
0.0102258161619027
0.00994759877816571
0.0102985955309315
0.0100922044696943
0.0104807361875266
0.0109681127986346
0.0103458837849862
0.0101968671104561
0.00986083983010296
0.0106061939512538
0.0102086784686086
0.0102083901303419
0.0105795224504134
0.0103677913732697
0.0104716894693325
0.00995532172121688
0.00889470276731679
0.0108419083846356
0.0100341712141241
0.0102376882554501
0.0102913297536354
0.0100014923135401
0.00983954626971672
0.0106681302421637
0.0102595887431649
0.00984751090219301
0.0101527526847476
0.0103708524803117
0.010098623355142
0.0104147319574637
0.0100127119862482
0.0107773915367889
0.00946043903054423
0.00999982012480533
0.0100711635519166
0.00997855271061509
0.0104159253218065
0.0098212523951195
0.00957894983361303
0.0101795043791982
0.01009446060258
0.00991459559951185
0.0095892977350293
0.00991855133116631
0.0101793274494636
0.00990485859644249
0.00995292609807766
0.010900991119949
0.0101969312823376
0.0105256399296831
0.00992340119386826
0.0103546955922252
0.00987414408953761
0.00974976480764211
0.00963783069332682
0.0101273958532604
0.00981946390284052
0.00999058295991669
0.00981205928851206
0.010972725184576
0.00960314418668167
0.0107309470532943
0.0101878346007976
0.00991190888104751
0.0105380984369067
0.0108248335480667
0.0102481470399704
0.0103032437562743
0.0103651021911328
0.00967592110695723
0.0100038919470443
0.0101428389618872
0.0104939608892841
0.00959816925559957
0.0091128768629675
0.00972257360713729
0.0104527017017338
0.00972197081239757
0.0114349042387576
0.00984566390527584
0.00993925561316658
0.0101524290670065
0.00982419177261521
0.0102604844768759
0.0101149532116905
0.00920069288154493
0.0100507941201673
0.00955089888187283
0.00976951399624147
0.00992528475160182
0.0104552634336412
0.0103402984470777
0.0101807019205991
0.0101860388654718
0.00996368273513446
0.0105809148751849
0.00968978491127965
0.00921595264686839
0.0102578832672153
0.00944472098227877
0.0102679404719474
0.00954805214967555
0.0107350367788679
0.0112331959359712
0.0109366865172262
0.00985501891763774
0.00969585291160465
0.0101969420316227
0.0099531387588066
0.0100611779770475
0.00974301663073859
0.00978953855322643
0.0101932761426817
0.0105740346883857
0.0103211700255278
0.00937438459420738
0.0108491212836099
0.010350918444526
0.00954968922948903
0.0101401057924495
0.00987895371567295
0.00985994264774207
0.00970823609194372
0.0103979117791981
0.0108936367104765
0.010738234714373
0.0104991390840924
0.0100203383455759
0.00989252804727888
0.00956676864418448
0.0101444476285526
0.010044561980557
0.010408163814553
0.0099568626288173
0.0110070140281288
0.00895211098813622
0.0111388780310957
0.00965357249522456
0.0106523409575351
0.0103785057816089
0.0110372485386285
0.0102151407799686
0.00966317664839052
0.0106797196095019
0.00967213281902803
0.0100479158539928
0.00952483944060438
0.0103553215770558
0.0109612370489955
0.0105006588609594
0.0100469030695893
0.010385552194064
0.0101984346428028
0.010634997790242
0.00982410031594382
0.0106309978288385
0.00989492465017382
0.00972425469137057
0.00985648140255111
0.00950439527873242
0.010563966097475
0.01004511117925
0.0105459972712167
0.00975602550687683
0.0103208710378787
0.00965549276688816
0.0105676431938302
0.0105539631231802
0.00966654000040023
0.0106475252115727
0.0107269775903003
0.00950497373678983
0.0100342272078285
0.0101583082241459
0.0104729116448707
0.0110802873658296
0.00997629562454435
0.00997631966151321
0.0100706772874539
0.00968146948547574
0.00983128149814207
0.010052201884052
0.0104324009564372
0.0105454028578948
0.0111472293315786
0.0105859842923178
0.010985932951058
0.0107225078899998
0.010535966023975
0.0102610670128983
0.0108775619745877
0.0104856128052957
0.00957565617936543
0.0102477180593388
0.00995346908061813
0.0101528091940076
0.00942151034898826
0.0105092339860801
0.0109619678398717
0.00962365834728779
0.00984187212086627
0.0096242632071321
0.0094098366014478
0.0104964498623936
0.0107511517965388
0.0107287949594774
0.0100112578241915
0.00983402802677979
0.0105146942154891
0.00993528450045501
0.0110717651950096
0.0108027778179559
0.00941259248677205
0.00969215244591762
0.0101648899859582
0.00995396877085763
0.0103210878937822
0.0108904517107391
0.0107020127052685
0.0102200716781732
0.0100910458992846
0.0094921333937954
0.00980022324613261
0.0102094227855678
0.0104978690430149
0.00970613231083198
0.0100859770329917
0.0103897426954763
0.00976472978095919
0.00965666319716395
0.01014944876551
0.0106139793352343
0.00933189978625689
0.00997986263224206
0.0106723490448628
0.00994436556205998
0.010102521073384
0.00977417048989208
0.0105859270326742
0.0101892349701763
0.00994049315237159
0.0106218163334321
0.00949269181438833
0.0104423750259047
0.00987821702342075
0.00947934519351632
0.00982577827722079
0.010205293953809
0.0100929485397522
0.00995614054515799
0.0110836555623537
0.00996626024931052
0.00976155152995039
0.00920710037816469
0.0107848026342111
0.00953374534131225
0.0100651561452467
0.0103365416794677
0.0108075898098726
0.0104518465052028
0.010525882239579
0.0104823267825933
0.00977597351056842
0.00996611241381621
0.0108718062988901
0.0109903230062282
0.00917588093731242
0.0101690621401445
0.0104307180292708
0.0107420724799943
0.0101790778917267
0.010749410966613
0.010249117723199
0.00871508125762553
0.0101048172733875
0.0111660754860669
0.0095935918974828
0.0100160077496459
0.0108904159035333
0.00999167680583626
0.0107271072537473
0.0101091090760003
0.00973971201724124
0.00982110421764433
0.0100151955579163
0.0107276307178065
0.0104033129910079
0.0105046649352715
0.0100048366014326
0.0100106471000638
0.0103761404395471
0.010103286543426
0.010037790376343
0.0104305160429096
0.0102570843286026
0.0103500383071213
0.0107725249902889
0.0108006861779356
0.0104002258729757
0.00997495437928591
0.00952747150664
0.0108323361305519
0.00982141008792608
0.0104568914053977
0.0094383171368702
0.00978642884359216
0.00993775344278585
0.00991883484106164
0.0103509287124098
0.0105897439817242
0.00970416533086477
0.0101209742810473
0.00984776864004767
0.0102281778300496
0.0104322965188947
0.0107508525225685
0.010113686178418
0.0103398397907359
0.0106838310590975
0.0100547464651624
0.00989561867682559
0.00998094988817172
0.0106260265456462
0.0103570369065673
0.0102251252106986
0.00992043460977102
0.0107279337585211
0.0105880943401456
0.00969465468962385
0.0101786310012101
0.009566204294768
0.0103983252769834
0.0108970660406747
0.0104747813123494
0.0102464022397018
0.00951744793588
0.00933159832323871
0.0107814797927032
0.0106674881302491
0.0108639869377015
0.00994188991756258
0.0105030125103478
0.010487872429691
0.00998436514708035
0.0101515789770766
0.0100632399695624
0.00929909817717781
0.0103907114318118
0.00957800372560215
0.0108606653609118
0.0104315503184368
0.0108525237741038
0.00974821506114806
0.0101298409252292
0.00975900517475284
0.0106737909668081
0.00940679098759861
0.0107093677251559
0.0103741845808651
0.00951362400793971
0.00984415834267586
0.0104437172059611
0.0101172494259295
0.0108076182342941
0.0104549738590349
0.0102316859918729
0.0103973992978388
0.0104051138682596
0.0104921015150332
0.0100772871964978
0.0102473228033992
0.00960611699882147
0.010782162282256
0.00947987001491058
0.0107812266012336
0.0100772792769879
0.00952353233682676
0.0102443633992018
0.0109416393814087
0.0101207730715533
0.00984034197312984
0.0110291996825071
0.00884180655503501
0.0111645098382061
0.00971201522592971
0.00999631737448631
0.0103336530826631
0.00974949746423829
0.0105962525665732
0.0104606424241391
0.0104618759132328
0.00987940323046752
0.00980789712446851
0.0098460985228098
0.00955401185510903
0.00991894471035023
0.009774171903681
0.00947466206026676
0.0102521638084568
0.009562422737353
0.0104318528971462
0.0105701739897672
0.0104515087019591
0.00930309800797095
0.0102226380617933
0.0103467947681629
0.0106899686196137
0.0110757679720767
0.00980950456468983
0.00978338918058438
0.0103422313620306
0.0103764474070111
0.0104879382477796
0.010154761313324
0.00983936832412668
0.0105758166230598
0.0105903830017559
0.00967717176020408
0.0103605603316637
0.0110755006831476
0.010597304870938
0.0104230016832159
0.0102843684168735
0.0102728344853973
0.00971123223938677
0.00932295430474939
0.0105670094143542
0.0102879269808852
0.0104078276319222
